0.42524
0.41477
0.4043
0.39383
0.39451
0.39519
0.39587
0.39655
0.40079
0.40503
0.40927
0.41351
0.43494
0.45638
0.47782
0.49925
0.5682
0.63714
0.70609
0.77503
0.80958
0.84412
0.87866
0.91321
0.88848
0.86376
0.83904
0.81432
0.79612
0.77793
0.75973
0.74154
0.7136
0.68566
0.65772
0.62978
0.63001
0.63025
0.63048
0.63071
0.63081
0.63091
0.63102
0.63112
0.62554
0.61996
0.61438
0.6088
0.60823
0.60766
0.60709
0.60652
0.60619
0.60587
0.60555
0.60523
0.62292
0.64061
0.6583
0.676
0.69658
0.71716
0.73774
0.75832
0.79074
0.82316
0.85558
0.888
0.89138
0.89475
0.89812
0.9015
0.92512
0.94874
0.97236
0.99599
0.98358
0.97118
0.95877
0.94637
0.9083
0.87023
0.83217
0.7941
0.74683
0.69956
0.6523
0.60503
0.55062
0.49622
0.44182
0.38741
0.39216
0.3969
0.40165
0.40639
